BasicProcessor vs BasicProcessor_rep1 latency t-test
t_stat=-1.1507204805666145
p_value=0.2746756898226326
