BasicProcessor vs EvenScheduler latency t-test
t_stat=3.02937542209962
p_value=0.028998937685358883
